J 15 x 50
0.0012496	0.00319892	0.00397389	0.00374771	0.00302966	0.00222802	0.00154279	0.00102753	0.000667213	0.000426138	0.000269271	0.000169002	0.000105635	6.58777e-05	4.10417e-05	2.5565e-05	1.59316e-05	9.93674e-06	6.20466e-06	3.87936e-06	2.42895e-06	1.52308e-06	9.56501e-07	6.01601e-07	3.78955e-07	2.39063e-07	1.51032e-07	9.55523e-08	6.05355e-08	3.84023e-08	2.4393e-08	1.55136e-08	9.87826e-09	6.29725e-09	4.01889e-09	2.5676e-09	1.64209e-09	1.05124e-09	6.73628e-10	4.32057e-10	2.77364e-10	1.7821e-10	1.14597e-10	7.37503e-11	4.74995e-11	3.06152e-11	1.97468e-11	1.27456e-11	8.23218e-12	5.32049e-12	
0.00179699	0.00440213	0.00512226	0.00452809	0.00346931	0.00244904	0.00164568	0.00107258	0.000685738	0.000433122	0.000271504	0.000169423	0.000105458	6.55694e-05	4.07607e-05	2.53503e-05	1.57802e-05	9.83461e-06	6.13761e-06	3.83611e-06	2.40137e-06	1.50564e-06	9.45524e-07	5.94719e-07	3.7465e-07	2.36374e-07	1.49354e-07	9.45052e-08	5.98822e-08	3.79946e-08	2.41384e-08	1.53545e-08	9.77877e-09	6.23499e-09	3.97988e-09	2.54314e-09	1.62674e-09	1.04159e-09	6.67561e-10	4.28238e-10	2.74957e-10	1.76692e-10	1.13639e-10	7.31445e-11	4.71162e-11	3.03725e-11	1.9593e-11	1.2648e-11	8.17023e-12	5.28112e-12	
0.00354693	0.00783516	0.00795605	0.00623168	0.00434654	0.00286259	0.00182914	0.00114966	0.000716037	0.000443798	0.000274419	0.000169552	0.000104781	6.48089e-05	4.01359e-05	2.4894e-05	1.54663e-05	9.62613e-06	6.00212e-06	3.7493e-06	2.34629e-06	1.47091e-06	9.23726e-07	5.81077e-07	3.66129e-07	2.31057e-07	1.46038e-07	9.24374e-08	5.85925e-08	3.71899e-08	2.3636e-08	1.50406e-08	9.58247e-09	6.11212e-09	3.90291e-09	2.49487e-09	1.59644e-09	1.02255e-09	6.55584e-10	4.20697e-10	2.70204e-10	1.73693e-10	1.11745e-10	7.19473e-11	4.63586e-11	2.98927e-11	1.92889e-11	1.24551e-11	8.0477e-12	5.20325e-12	
0.00968942	0.0168085	0.0135144	0.00896026	0.00557067	0.00338561	0.00204359	0.00123303	0.000745608	0.0004523	0.000275323	0.000168171	0.00010306	6.33568e-05	3.9064e-05	2.4153e-05	1.49729e-05	9.3051e-06	5.79639e-06	3.61878e-06	2.26404e-06	1.41932e-06	8.91466e-07	5.60943e-07	3.53577e-07	2.23237e-07	1.41166e-07	8.94019e-08	5.67003e-08	3.60096e-08	2.28992e-08	1.45803e-08	9.29463e-09	5.93195e-09	3.79001e-09	2.42406e-09	1.55198e-09	9.94605e-10	6.38003e-10	4.09624e-10	2.63223e-10	1.69287e-10	1.08962e-10	7.01874e-11	4.52448e-11	2.91871e-11	1.88414e-11	1.21711e-11	7.86732e-12	5.08858e-12	
0.0445668	0.0385622	0.0221538	0.0122588	0.00682355	0.00385535	0.00221276	0.00128808	0.000758928	0.000451712	0.000271148	0.000163927	9.97062e-05	6.09605e-05	3.74397e-05	2.30854e-05	1.42847e-05	8.86709e-06	5.51996e-06	3.44532e-06	2.15561e-06	1.35171e-06	8.4937e-07	5.34755e-07	3.3729e-07	2.13107e-07	1.34863e-07	8.54782e-08	5.42558e-08	3.44854e-08	2.19479e-08	1.3986e-08	8.92295e-09	5.69926e-09	3.64418e-09	2.33256e-09	1.49451e-09	9.58475e-10	6.15262e-10	3.95295e-10	2.54186e-10	1.63582e-10	1.05356e-10	6.79064e-11	4.38005e-11	2.82717e-11	1.82608e-11	1.18024e-11	7.63305e-12	4.93959e-12	
0.169301	0.0676693	0.0300652	0.0146218	0.00754388	0.00405959	0.00225389	0.0012815	0.000742245	0.000436257	0.000259451	0.00015579	9.42899e-05	5.74477e-05	3.51982e-05	2.16702e-05	1.33975e-05	8.31348e-06	5.17556e-06	3.23148e-06	2.02299e-06	1.26949e-06	7.984e-07	5.03149e-07	3.17681e-07	2.00931e-07	1.27297e-07	8.07715e-08	5.1325e-08	3.26584e-08	2.08077e-08	1.32736e-08	8.47735e-09	5.42021e-09	3.46923e-09	2.22276e-09	1.42551e-09	9.1507e-10	5.87929e-10	3.78064e-10	2.43312e-10	1.56713e-10	1.01012e-10	6.51573e-11	4.20588e-11	2.71673e-11	1.75598e-11	1.13572e-11	7.34996e-12	4.75945e-12	
0.173601	0.0723371	0.0304646	0.0143337	0.00724782	0.00384901	0.00211721	0.00119563	0.000689012	0.000403455	0.000239297	0.000143424	8.67078e-05	5.27995e-05	3.23483e-05	1.99222e-05	1.23247e-05	7.65454e-06	4.77048e-06	2.9822e-06	1.86941e-06	1.17476e-06	7.39897e-07	4.66972e-07	2.9528e-07	1.87042e-07	1.18674e-07	7.54106e-08	4.79877e-08	3.05781e-08	1.95093e-08	1.24621e-08	7.96958e-09	5.10208e-09	3.26968e-09	2.09743e-09	1.34671e-09	8.65469e-10	5.56672e-10	3.58346e-10	2.3086e-10	1.48841e-10	9.60318e-11	6.20027e-11	4.00589e-11	2.58982e-11	1.67539e-11	1.08448e-11	7.02402e-12	4.55192e-12	
0.0878034	0.0468843	0.0224369	0.0113304	0.00596881	0.00325072	0.00181768	0.00103803	0.000602995	0.000355204	0.000211668	0.000127354	7.72489e-05	4.71798e-05	2.89849e-05	1.78973e-05	1.10997e-05	6.91045e-06	4.31693e-06	2.70491e-06	1.69942e-06	1.0703e-06	6.75562e-07	4.27267e-07	2.70728e-07	1.71833e-07	1.09236e-07	6.9544e-08	4.43353e-08	2.83008e-08	1.80873e-08	1.1573e-08	7.41284e-09	4.75303e-09	3.05055e-09	1.9597e-09	1.26005e-09	8.10868e-10	5.22235e-10	3.36604e-10	2.17118e-10	1.40147e-10	9.05256e-11	5.85123e-11	3.78443e-11	2.44918e-11	1.58599e-11	1.02761e-11	6.66193e-12	4.3212e-12	
0.0141981	0.0187119	0.0124676	0.0073782	0.00425777	0.00245648	0.00142795	0.000838124	0.000496751	0.000297111	0.000179169	0.000108835	6.65378e-05	4.09093e-05	2.52775e-05	1.56873e-05	9.77339e-06	6.10992e-06	3.83139e-06	2.40919e-06	1.51865e-06	9.59443e-07	6.07386e-07	3.85229e-07	2.44746e-07	1.5574e-07	9.92475e-08	6.33333e-08	4.04667e-08	2.58871e-08	1.65789e-08	1.0629e-08	6.8212e-09	4.38172e-09	2.81723e-09	1.8129e-09	1.16757e-09	7.52546e-10	4.85412e-10	3.1333e-10	2.02393e-10	1.30821e-10	8.46133e-11	5.47606e-11	3.54615e-11	2.29771e-11	1.48962e-11	9.6625e-12	6.27089e-12	4.07181e-12	
0.00332707	0.00659038	0.00590974	0.00418745	0.00270949	0.00168828	0.00103602	0.00063261	0.000386272	0.000236408	0.00014518	8.94948e-05	5.53804e-05	3.43971e-05	2.14388e-05	1.34054e-05	8.40715e-06	5.28685e-06	3.33291e-06	2.10589e-06	1.33336e-06	8.45842e-07	5.37515e-07	3.42132e-07	2.18095e-07	1.3922e-07	8.89857e-08	5.6946e-08	3.64837e-08	2.3399e-08	1.50222e-08	9.65348e-09	6.20905e-09	3.99704e-09	2.57518e-09	1.6604e-09	1.07138e-09	6.91805e-10	4.47013e-10	2.89029e-10	1.86999e-10	1.21059e-10	7.84174e-11	5.08244e-11	3.29586e-11	2.13843e-11	1.38817e-11	9.01581e-12	5.85834e-12	3.80843e-12	
0.00106829	0.00248307	0.00268113	0.00220683	0.00159574	0.00107912	0.000703987	0.000450385	0.000285154	0.000179601	0.000112873	7.09086e-05	4.45745e-05	2.8055e-05	1.76851e-05	1.11672e-05	7.06378e-06	4.47591e-06	2.84088e-06	1.80602e-06	1.14987e-06	7.33162e-07	4.681e-07	2.99246e-07	1.91531e-07	1.22726e-07	7.87224e-08	5.05469e-08	3.24864e-08	2.08978e-08	1.34546e-08	8.66946e-09	5.5905e-09	3.60769e-09	2.32979e-09	1.50555e-09	9.73552e-10	6.29931e-10	4.07838e-10	2.642e-10	1.71247e-10	1.11057e-10	7.20597e-11	4.67799e-11	3.03835e-11	1.97434e-11	1.28352e-11	8.34792e-12	5.43176e-12	3.53577e-12	
0.000405093	0.00101743	0.00122925	0.00113023	0.000898313	0.000655905	0.000454941	0.000305679	0.000201334	0.000130953	8.45078e-05	5.42724e-05	3.47557e-05	2.22233e-05	1.42005e-05	9.07322e-06	5.79891e-06	3.7082e-06	2.3729e-06	1.51961e-06	9.73969e-07	6.24778e-07	4.0112e-07	2.57743e-07	1.65751e-07	1.06677e-07	6.87102e-08	4.42889e-08	2.85681e-08	1.84403e-08	1.19109e-08	7.69837e-09	4.97877e-09	3.22185e-09	2.08612e-09	1.35149e-09	8.76039e-10	5.68143e-10	3.68648e-10	2.39319e-10	1.55435e-10	1.00999e-10	6.5657e-11	4.27005e-11	2.77822e-11	1.80833e-11	1.17751e-11	7.67037e-12	4.99842e-12	3.25844e-12	
0.000170112	0.000446428	0.000579251	0.00057677	0.000494564	0.000386123	0.000283547	0.000199873	0.000137035	9.21805e-05	6.11975e-05	4.02589e-05	2.6317e-05	1.7128e-05	1.11141e-05	7.19728e-06	4.65473e-06	3.00798e-06	1.94298e-06	1.25484e-06	8.1044e-07	5.23508e-07	3.38251e-07	2.18623e-07	1.41357e-07	9.14352e-08	5.91692e-08	3.83063e-08	2.48106e-08	1.60768e-08	1.04221e-08	6.75934e-09	4.38574e-09	2.84688e-09	1.84876e-09	1.20108e-09	7.80621e-10	5.07555e-10	3.30139e-10	2.14821e-10	1.39837e-10	9.10595e-11	5.93179e-11	3.86545e-11	2.51979e-11	1.64314e-11	1.07184e-11	6.99402e-12	4.56521e-12	2.98078e-12	
7.65771e-05	0.000206601	0.000281223	0.000296737	0.000270106	0.000223129	0.00017241	0.000127093	9.05864e-05	6.30146e-05	4.3064e-05	2.90487e-05	1.94068e-05	1.28728e-05	8.49329e-06	5.58152e-06	3.65714e-06	2.39097e-06	1.56063e-06	1.01744e-06	6.62749e-07	4.31449e-07	2.80762e-07	1.82658e-07	1.18819e-07	7.7289e-08	5.02766e-08	3.2708e-08	2.12815e-08	1.38491e-08	9.01424e-09	5.86853e-09	3.82147e-09	2.48907e-09	1.62164e-09	1.05677e-09	6.8885e-10	4.49141e-10	2.92926e-10	1.91095e-10	1.24697e-10	8.13918e-11	5.31398e-11	3.47036e-11	2.26696e-11	1.48124e-11	9.68096e-12	6.32882e-12	4.13844e-12	2.70681e-12	
3.62636e-05	9.96928e-05	0.000140368	0.000154642	0.000147542	0.000127732	0.000103169	7.91988e-05	5.8543e-05	4.20633e-05	2.958e-05	2.04631e-05	1.3979e-05	9.4571e-06	6.34981e-06	4.23844e-06	2.8161e-06	1.8643e-06	1.23068e-06	8.10578e-07	5.32935e-07	3.499e-07	2.29476e-07	1.50367e-07	9.84643e-08	6.44436e-08	4.2161e-08	2.7575e-08	1.80315e-08	1.17893e-08	7.7074e-09	5.03864e-09	3.29397e-09	2.15348e-09	1.40795e-09	9.20604e-10	6.02006e-10	3.93713e-10	2.57523e-10	1.68466e-10	1.10223e-10	7.21276e-11	4.72064e-11	3.09011e-11	2.02311e-11	1.32477e-11	8.67643e-12	5.68353e-12	3.72369e-12	2.44009e-12	

DEP21 16
0.000800933	0.000800052	0.000797417	0.000793048	0.000786981	0.000779263	0.000769957	0.000759132	0.000746873	0.000733271	0.000718425	0.000702442	0.000685432	0.000667509	0.000648791	0.000629395	
